Interest	Per maand	360	300	240	180	120
1.00%	0.0833%	310.9071	265.3418	217.4413	167.0859	114.1499
1.10%	0.0917%	306.5101	262.1806	215.3458	165.8642	113.5862
1.20%	0.1000%	302.1982	259.0707	213.2778	164.6547	113.0264
1.30%	0.1083%	297.9694	256.0113	211.2368	163.4571	112.4703
1.40%	0.1167%	293.8220	253.0013	209.2225	162.2713	111.9178
1.50%	0.1250%	289.7541	250.0398	207.2344	161.0973	111.3691
1.60%	0.1333%	285.7641	247.1260	205.2721	159.9348	110.8240
1.70%	0.1417%	281.8501	244.2590	203.3353	158.7838	110.2826
1.80%	0.1500%	278.0106	241.4379	201.4236	157.6440	109.7448
1.90%	0.1583%	274.2439	238.6619	199.5367	156.5155	109.2105
2.00%	0.1667%	270.5485	235.9301	197.6740	155.3981	108.6798
2.10%	0.1750%	266.9228	233.2418	195.8354	154.2915	108.1526
2.20%	0.1833%	263.3652	230.5961	194.0204	153.1958	107.6288
2.30%	0.1917%	259.8744	227.9924	192.2287	152.1108	107.1086
2.40%	0.2000%	256.4488	225.4297	190.4600	151.0364	106.5918
2.50%	0.2083%	253.0871	222.9074	188.7138	149.9724	106.0784
2.60%	0.2167%	249.7879	220.4248	186.9900	148.9188	105.5684
2.70%	0.2250%	246.5498	217.9811	185.2881	147.8754	105.0618
2.80%	0.2333%	243.3715	215.5755	183.6078	146.8421	104.5584
2.90%	0.2417%	240.2518	213.2076	181.9489	145.8189	104.0585
3.00%	0.2500%	237.1894	210.8765	180.3109	144.8055	103.5618
3.10%	0.2583%	234.1830	208.5815	178.6937	143.8019	103.0683
3.20%	0.2667%	231.2316	206.3221	177.0968	142.8079	102.5781
3.30%	0.2750%	228.3338	204.0976	175.5201	141.8236	102.0911
3.40%	0.2833%	225.4887	201.9074	173.9632	140.8487	101.6073
3.50%	0.2917%	222.6950	199.7509	172.4258	139.8831	101.1267
3.60%	0.3000%	219.9517	197.6274	170.9076	138.9268	100.6492
3.70%	0.3083%	217.2577	195.5364	169.4084	137.9797	100.1748
3.80%	0.3167%	214.6119	193.4773	167.9279	137.0416	99.7035
3.90%	0.3250%	212.0134	191.4495	166.4658	136.1124	99.2353
4.00%	0.3333%	209.4612	189.4525	165.0219	135.1921	98.7702
4.10%	0.3417%	206.9543	187.4857	163.5958	134.2806	98.3080
4.20%	0.3500%	204.4918	185.5486	162.1874	133.3777	97.8489
4.30%	0.3583%	202.0727	183.6407	160.7964	132.4834	97.3928
4.40%	0.3667%	199.6961	181.7614	159.4225	131.5976	96.9396
4.50%	0.3750%	197.3612	179.9103	158.0654	130.7201	96.4893
4.60%	0.3833%	195.0670	178.0869	156.7251	129.8509	96.0420
4.70%	0.3917%	192.8128	176.2906	155.4011	128.9899	95.5975
4.80%	0.4000%	190.5977	174.5210	154.0933	128.1370	95.1560
4.90%	0.4083%	188.4209	172.7776	152.8015	127.2922	94.7172
5.00%	0.4167%	186.2816	171.0600	151.5253	126.4552	94.2814
5.10%	0.4250%	184.1791	169.3678	150.2647	125.6261	93.8483
5.20%	0.4333%	182.1126	167.7004	149.0193	124.8048	93.4180
5.30%	0.4417%	180.0813	166.0575	147.7890	123.9912	92.9904
5.40%	0.4500%	178.0846	164.4385	146.5735	123.1851	92.5656
5.50%	0.4583%	176.1218	162.8432	145.3726	122.3865	92.1436
5.60%	0.4667%	174.1921	161.2711	144.1862	121.5954	91.7242
5.70%	0.4750%	172.2948	159.7218	143.0140	120.8116	91.3076
5.80%	0.4833%	170.4295	158.1950	141.8559	120.0351	90.8935
5.90%	0.4917%	168.5953	156.6901	140.7115	119.2657	90.4822
6.00%	0.5000%	166.7916	155.2069	139.5808	118.5035	90.0735
6.10%	0.5083%	165.0179	153.7449	138.4635	117.7483	89.6673
6.20%	0.5167%	163.2736	152.3039	137.3595	117.0001	89.2638
6.30%	0.5250%	161.5580	150.8834	136.2685	116.2587	88.8628
6.40%	0.5333%	159.8706	149.4831	135.1904	115.5242	88.4644
6.50%	0.5417%	158.2108	148.1027	134.1250	114.7964	88.0685
6.60%	0.5500%	156.5781	146.7418	133.0721	114.0753	87.6751
6.70%	0.5583%	154.9720	145.4001	132.0316	113.3607	87.2842
6.80%	0.5667%	153.3918	144.0773	131.0033	112.6527	86.8958
6.90%	0.5750%	151.8372	142.7730	129.9870	111.9511	86.5099
7.00%	0.5833%	150.3076	141.4869	128.9825	111.2560	86.1264
7.10%	0.5917%	148.8024	140.2188	127.9897	110.5671	85.7453
7.20%	0.6000%	147.3214	138.9683	127.0084	109.8845	85.3666
7.30%	0.6083%	145.8638	137.7351	126.0385	109.2080	84.9903
7.40%	0.6167%	144.4294	136.5190	125.0798	108.5377	84.6163
7.50%	0.6250%	143.0176	135.3196	124.1321	107.8734	84.2447
7.60%	0.6333%	141.6281	134.1367	123.1954	107.2151	83.8755
7.70%	0.6417%	140.2603	132.9700	122.2693	106.5628	83.5086
7.80%	0.6500%	138.9139	131.8193	121.3539	105.9163	83.1439
7.90%	0.6583%	137.5884	130.6842	120.4489	105.2756	82.7816